contour
point 1 611.000000 394.000000
point 0 621.000000 407.000000
point 1 626.000000 393.000000
point 1 620.000000 379.000000
point 1 612.000000 358.000000
point 0 590.000000 265.000000
point 1 580.000000 150.000000
point 0 597.000000 167.000000
point 1 613.000000 186.000000
point 0 630.000000 197.000000
point 1 621.000000 176.000000
point 1 589.000000 139.000000
point 1 579.000000 128.000000
point 1 571.000000 105.000000
point 0 558.000000 89.000000
point 1 555.000000 107.000000
point 1 567.000000 147.000000
point 1 580.000000 265.000000
point 1 596.000000 346.000000
point 1 532.000000 310.000000
point 0 501.000000 292.000000
point 1 484.000000 334.000000
point 0 491.000000 381.000000
point 1 519.000000 400.000000
point 0 547.000000 423.000000
point 1 571.000000 424.000000
point 1 602.000000 402.000000
point 0 602.000000 395.000000
point 1 594.000000 395.000000
point 0 585.000000 409.000000
point 1 571.000000 412.000000
point 0 550.000000 410.000000
point 1 526.000000 386.000000
point 0 493.000000 364.000000
point 1 498.000000 325.000000
point 0 511.000000 302.000000
point 1 561.000000 340.000000
point 1 597.000000 361.000000

