contour
point 1 460.000000 363.000000
point 0 486.000000 361.000000
point 1 494.000000 341.000000
point 0 494.000000 325.000000
point 1 471.000000 313.000000
point 0 433.000000 293.000000
point 1 415.000000 316.000000
point 0 408.000000 337.000000
point 1 429.000000 352.000000
point 0 441.000000 365.000000

contour
point 1 473.000000 377.000000
point 0 504.000000 367.000000
point 1 508.000000 336.000000
point 0 496.000000 305.000000
point 1 471.000000 295.000000
point 0 448.000000 280.000000
point 1 412.000000 300.000000
point 0 391.000000 330.000000
point 1 407.000000 353.000000
point 0 419.000000 363.000000
point 1 439.000000 378.000000
point 0 461.000000 390.000000

contour
point 1 557.000000 374.000000
point 1 502.000000 285.000000
point 1 439.000000 195.000000
point 0 443.000000 174.000000
point 1 458.000000 188.000000
point 0 469.000000 220.000000
point 1 499.000000 256.000000
point 1 550.000000 335.000000
point 1 571.000000 365.000000
point 0 571.000000 380.000000

contour
point 1 557.000000 256.000000
point 0 590.000000 262.000000
point 1 581.000000 234.000000
point 0 569.000000 213.000000
point 1 550.000000 207.000000
point 0 510.000000 189.000000
point 1 522.000000 223.000000
point 0 535.000000 239.000000

contour
point 1 558.000000 271.000000
point 0 600.000000 271.000000
point 1 595.000000 226.000000
point 0 569.000000 196.000000
point 1 551.000000 189.000000
point 0 514.000000 178.000000
point 1 505.000000 212.000000
point 0 508.000000 239.000000
point 1 530.000000 253.000000
point 0 539.000000 269.000000

