contour
point 1 424.000000 492.000000
point 0 436.000000 507.000000
point 1 440.000000 491.000000
point 1 434.000000 355.000000
point 0 436.053253 401.540314
point 1 510.000000 421.000000
point 0 529.000000 426.000000
point 1 543.000000 365.000000
point 1 531.000000 298.000000
point 0 523.000000 283.000000
point 1 514.000000 301.000000
point 1 528.000000 368.000000
point 0 533.559692 394.607086
point 1 507.000000 405.000000
point 0 469.846161 419.538422
point 1 433.000000 309.000000
point 0 429.000000 297.000000
point 1 417.000000 309.000000

